tree
version=v4
num_class=1
num_tree_per_iteration=1
label_index=0
max_feature_idx=6
objective=regression
feature_names=Sugar10g ScreenTime Age Male TrigHDLRatio HbA1c BMI
feature_infos=[0.188:58.909000000000006] [0:13] [12:17] [0:1] [0.21311475409836059:6.8378378378378377] [4.2999999999999998:8.0999999999999996] [15.1:50.600000000000001]
tree_sizes=847 895 903 904 899 904 904 902 900 905 902 894 887 900 890 907 901 892 906 899 902 900 901 897 891 898 905 901 900 890 895 898 898 898 903 898 895 898 898 905 902 901 900

Tree=0
num_leaves=7
num_cat=0
split_feature=6 3 6 3 4 0
split_gain=363214 184670 40451.8 39242.2 16418.9 9470.23
threshold=27.400000000000002 1.0000000180025095e-35 20.950000000000003 1.0000000180025095e-35 1.4104278074866314 6.9305000000000012
decision_type=2 2 2 2 2 2
left_child=2 -2 5 4 -4 -1
right_child=1 -3 3 -5 -6 -7
leaf_value=2.654553053858157 2.6626698961869422 2.691643079183204 2.6484176995160706 2.6637478319860315 2.6575832895323348 2.6474653156447374
leaf_weight=578326.080078125 1162171.9541015625 1044060.2783203125 1122522.5756835938 1237879.908203125 865229.46484375 2546370.3984375
leaf_count=33 48 32 38 54 26 83
internal_value=2.6589 2.67638 2.65283 2.65676 2.65241 2.64878
internal_weight=8.55656e+06 2.20623e+06 6.35033e+06 3.22563e+06 1.98775e+06 3.1247e+06
internal_count=314 80 234 118 64 116
is_linear=0
shrinkage=1


Tree=1
num_leaves=7
num_cat=0
split_feature=4 4 3 2 4 0
split_gain=182950 90066.8 53335.9 47364.2 26923.6 32737.4
threshold=1.8875126390293229 2.2894606630381005 1.0000000180025095e-35 15.500000000000002 0.97390572390572394 9.6675000000000022
decision_type=2 2 2 2 2 2
left_child=2 -2 4 -4 -1 -6
right_child=1 -3 3 -5 5 -7
leaf_value=-0.01321783570392677 0.026293604083621216 0.0047410970135691975 -0.0036464870465041342 0.0097730801651240394 0.00272104534208131 -0.010047296194500906
leaf_weight=1531207.8022460938 787989.4912109375 1259592.5297851562 1946171.9990234375 993026.314453125 894572.701171875 1143999.8217773438
leaf_count=68 21 49 80 40 31 25
internal_value=1.89474e-11 0.0130354 -0.00410064 0.000887398 -0.00820756 -0.00444425
internal_weight=8.55656e+06 2.04758e+06 6.50898e+06 2.9392e+06 3.56978e+06 2.03857e+06
internal_count=314 70 244 120 124 56
is_linear=0
shrinkage=0.05


Tree=2
num_leaves=7
num_cat=0
split_feature=6 3 6 3 1 4
split_gain=314741 160945 36289.7 32884.5 23097.1 12195.9
threshold=27.400000000000002 1.0000000180025095e-35 20.950000000000003 1.0000000180025095e-35 3.5000000000000004 1.4104278074866314
decision_type=2 2 2 2 2 2
left_child=2 -2 4 5 -1 -4
right_child=1 -3 3 -5 -6 -7
leaf_value=-0.0016088089852197359 0.0034693147670926162 0.030517347299076788 -0.0093545658833303416 0.0044652018534107303 -0.011836588138065972 -0.0014551667403570863
leaf_weight=716110.81591796875 1162171.9541015625 1044060.2783203125 1122522.5756835938 1237879.908203125 2408585.6625976562 865229.46484375
leaf_count=25 48 32 38 54 91 26
internal_value=2.06371e-10 0.0162693 -0.00565229 -0.00193214 -0.00949261 -0.00591611
internal_weight=8.55656e+06 2.20623e+06 6.35033e+06 3.22563e+06 3.1247e+06 1.98775e+06
internal_count=314 80 234 118 116 64
is_linear=0
shrinkage=0.05


Tree=3
num_leaves=7
num_cat=0
split_feature=6 3 6 3 1 0
split_gain=284054 145252 32751.5 29678.3 20845.1 11571
threshold=27.400000000000002 1.0000000180025095e-35 20.950000000000003 1.0000000180025095e-35 3.5000000000000004 9.1745000000000019
decision_type=2 2 2 2 2 2
left_child=2 -2 4 5 -1 -4
right_child=1 -3 3 -5 -6 -7
leaf_value=-0.0015283689362796114 0.0032958493358541925 0.028991481194616406 -0.0022810590457356433 0.0042419421522311178 -0.011244758936136872 -0.0099784325872870894
leaf_weight=716110.81591796875 1162171.9541015625 1044060.2783203125 1125432.5810546875 1237879.908203125 2408585.6625976562 862319.45947265625
leaf_count=25 48 32 40 54 91 24
internal_value=3.04251e-10 0.0154559 -0.00536968 -0.00183554 -0.00901798 -0.00562031
internal_weight=8.55656e+06 2.20623e+06 6.35033e+06 3.22563e+06 3.1247e+06 1.98775e+06
internal_count=314 80 234 118 116 64
is_linear=0
shrinkage=0.05


Tree=4
num_leaves=7
num_cat=0
split_feature=4 4 1 4 3 5
split_gain=149442 74107.8 40365.9 24576.5 27427.4 22147.1
threshold=1.8875126390293229 2.2894606630381005 2.5000000000000004 0.97390572390572394 1.0000000180025095e-35 5.3500000000000005
decision_type=2 2 2 2 2 2
left_child=2 -2 -1 4 -4 -5
right_child=1 -3 3 5 -6 -7
leaf_value=0.0072031115433385919 0.0238076838340705 0.004257660001560159 -0.013555562318485835 -0.0051934883838031104 -0.0034359814962252712 0.0036960127611763865
leaf_weight=750207.27685546875 787989.4912109375 1259592.5297851562 1375110.4184570312 2000249.4853515625 1305022.6572265625 1078388.80078125
leaf_count=26 21 49 60 62 50 46
internal_value=2.92949e-10 0.0117813 -0.00370613 -0.0051273 -0.00862809 -0.00207966
internal_weight=8.55656e+06 2.04758e+06 6.50898e+06 5.75877e+06 2.68013e+06 3.07864e+06
internal_count=314 70 244 218 110 108
is_linear=0
shrinkage=0.05


Tree=5
num_leaves=7
num_cat=0
split_feature=6 3 6 3 1 6
split_gain=246718 127775 29620.9 26318.8 17781.3 10811.5
threshold=27.400000000000002 1.0000000180025095e-35 20.950000000000003 1.0000000180025095e-35 3.5000000000000004 24.050000000000004
decision_type=2 2 2 2 2 2
left_child=2 -2 4 5 -1 -4
right_child=1 -3 3 -5 -6 -7
leaf_value=-0.0015565816041704583 0.0029993115943690064 0.027099550074599573 -0.0022968141618879391 0.0040798145884191816 -0.010530548007907141 -0.0098791337309012874
leaf_weight=716110.81591796875 1162171.9541015625 1044060.2783203125 1224700.79296875 1237879.908203125 2408585.6625976562 763051.24755859375
leaf_count=25 48 32 36 54 91 28
internal_value=3.17458e-10 0.0144043 -0.00500436 -0.00164336 -0.00847392 -0.00520749
internal_weight=8.55656e+06 2.20623e+06 6.35033e+06 3.22563e+06 3.1247e+06 1.98775e+06
internal_count=314 80 234 118 116 64
is_linear=0
shrinkage=0.05


Tree=6
num_leaves=7
num_cat=0
split_feature=6 3 6 3 1 6
split_gain=222663 115317 26732.9 23752.7 16047.6 9757.38
threshold=27.400000000000002 1.0000000180025095e-35 20.950000000000003 1.0000000180025095e-35 3.5000000000000004 24.050000000000004
decision_type=2 2 2 2 2 2
left_child=2 -2 4 5 -1 -4
right_child=1 -3 3 -5 -6 -7
leaf_value=-0.0014787526252806687 0.0028493459716144062 0.025744574480115818 -0.0021819733684481086 0.0038758241407829369 -0.010004020515525215 -0.0093851775153365926
leaf_weight=716110.81591796875 1162171.9541015625 1044060.2783203125 1224700.79296875 1237879.908203125 2408585.6625976562 763051.24755859375
leaf_count=25 48 32 36 54 91 28
internal_value=5.57098e-10 0.0136841 -0.00475414 -0.00156119 -0.00805022 -0.00494712
internal_weight=8.55656e+06 2.20623e+06 6.35033e+06 3.22563e+06 3.1247e+06 1.98775e+06
internal_count=314 80 234 118 116 64
is_linear=0
shrinkage=0.05


Tree=7
num_leaves=7
num_cat=0
split_feature=6 3 6 3 1 0
split_gain=200953 104074 24126.4 21436.8 14483 9269.8
threshold=27.400000000000002 1.0000000180025095e-35 20.950000000000003 1.0000000180025095e-35 3.5000000000000004 9.1745000000000019
decision_type=2 2 2 2 2 2
left_child=2 -2 4 5 -1 -4
right_child=1 -3 3 -5 -6 -7
leaf_value=-0.001404815208906104 0.002706878834609011 0.024457346070146414 -0.0017109481641367835 0.0036820330689967548 -0.0095038198613379404 -0.0086005235498414889
leaf_weight=716110.81591796875 1162171.9541015625 1044060.2783203125 1125432.5810546875 1237879.908203125 2408585.6625976562 862319.45947265625
leaf_count=25 48 32 40 54 91 24
internal_value=3.90673e-10 0.0129999 -0.00451643 -0.00148313 -0.00764771 -0.00469976
internal_weight=8.55656e+06 2.20623e+06 6.35033e+06 3.22563e+06 3.1247e+06 1.98775e+06
internal_count=314 80 234 118 116 64
is_linear=0
shrinkage=0.05


Tree=8
num_leaves=7
num_cat=0
split_feature=6 3 6 0 3 1
split_gain=181360 93926.8 21774.1 19561.9 18893.5 13070.9
threshold=27.400000000000002 1.0000000180025095e-35 20.950000000000003 6.1295000000000002 1.0000000180025095e-35 3.5000000000000004
decision_type=2 2 2 2 2 2
left_child=2 -2 5 -4 -5 -1
right_child=1 -3 3 4 -6 -7
leaf_value=-0.0013345744992000698 0.0025715348238500367 0.023234479753506201 -0.008865338508979935 -0.0028603102533303255 0.0059724740718924089 -0.009028628937641078
leaf_weight=716110.81591796875 1162171.9541015625 1044060.2783203125 691149.49609375 1534589.2768554688 999893.17578125 2408585.6625976562
leaf_count=25 48 32 26 49 43 91
internal_value=4.2937e-10 0.0123499 -0.00429061 -0.00140898 0.000624363 -0.00726532
internal_weight=8.55656e+06 2.20623e+06 6.35033e+06 3.22563e+06 2.53448e+06 3.1247e+06
internal_count=314 80 234 118 92 116
is_linear=0
shrinkage=0.05


Tree=9
num_leaves=7
num_cat=0
split_feature=6 3 2 6 3 2
split_gain=163678 84768.9 20681.1 18801.7 10967.4 6248.14
threshold=27.400000000000002 1.0000000180025095e-35 12.500000000000002 20.950000000000003 1.0000000180025095e-35 13.500000000000002
decision_type=2 2 2 2 2 2
left_child=2 -2 -1 5 -5 -4
right_child=1 -3 3 4 -6 -7
leaf_value=0.0023995687769952177 0.002442958329853832 0.022072757062075898 -0.012444051781567661 -0.0050326388348427989 0.001460695301194379 -0.0068941660035274077
leaf_weight=1032489.5966796875 1162171.9541015625 1044060.2783203125 687798.58642578125 1607078.7358398438 1092261.1103515625 1930700.3979492188
leaf_count=37 48 32 27 54 47 69
internal_value=4.54041e-10 0.0117324 -0.00407608 -0.00533336 -0.00240518 -0.00835195
internal_weight=8.55656e+06 2.20623e+06 6.35033e+06 5.31784e+06 2.69934e+06 2.6185e+06
internal_count=314 80 234 197 101 96
is_linear=0
shrinkage=0.05


Tree=10
num_leaves=7
num_cat=0
split_feature=6 3 6 0 3 1
split_gain=147719 76503.9 17928.4 17598.9 16012.5 11404.3
threshold=27.400000000000002 1.0000000180025095e-35 20.950000000000003 6.1295000000000002 1.0000000180025095e-35 3.5000000000000004
decision_type=2 2 2 2 2 2
left_child=2 -2 5 -4 -5 -1
right_child=1 -3 3 4 -6 -7
leaf_value=-0.0010317754591233741 0.0023208107471959488 0.02096912077765601 -0.0083298157171225826 -0.0025368583862203607 0.005594658603110223 -0.0082186088001928136
leaf_weight=716110.81591796875 1162171.9541015625 1044060.2783203125 691149.49609375 1534589.2768554688 999893.17578125 2408585.6625976562
leaf_count=25 48 32 26 49 43 91
internal_value=5.21433e-10 0.0111458 -0.00387228 -0.00125747 0.000671154 -0.00657155
internal_weight=8.55656e+06 2.20623e+06 6.35033e+06 3.22563e+06 2.53448e+06 3.1247e+06
internal_count=314 80 234 118 92 116
is_linear=0
shrinkage=0.05


Tree=11
num_leaves=7
num_cat=0
split_feature=6 3 2 6 0 2
split_gain=133317 69044.8 18503.6 15309.7 26935.3 16325.1
threshold=27.400000000000002 1.0000000180025095e-35 12.500000000000002 20.950000000000003 8.3835000000000015 15.500000000000002
decision_type=2 2 2 2 2 2
left_child=2 -2 -1 -4 -5 -6
right_child=1 -3 3 4 5 -7
leaf_value=0.0024466035124250016 0.0022047701955085477 0.01992066591059112 -0.0075917963369885565 -0.0090838275240350905 -0.0028420524021281267 0.0068512294402815407
leaf_weight=1032489.5966796875 1162171.9541015625 1044060.2783203125 2618498.984375 935495.4599609375 989789.6328125 774054.75341796875
leaf_count=37 48 32 96 39 36 26
internal_value=5.80426e-10 0.0105885 -0.00367866 -0.00486792 -0.00222561 0.0014118
internal_weight=8.55656e+06 2.20623e+06 6.35033e+06 5.31784e+06 2.69934e+06 1.76384e+06
internal_count=314 80 234 197 101 62
is_linear=0
shrinkage=0.05


Tree=12
num_leaves=7
num_cat=0
split_feature=6 3 2 2 0 6
split_gain=120318 62312.9 16699.5 13830 8580.65 11530.2
threshold=27.400000000000002 1.0000000180025095e-35 12.500000000000002 16.500000000000004 6.383 21.450000000000003
decision_type=2 2 2 2 2 2
left_child=2 -2 -1 4 -4 -6
right_child=1 -3 3 -5 5 -7
leaf_value=0.0023242733346770152 0.0020945318109560486 0.018924633258278964 -0.010240397540954724 0.0018560326061222655 -0.0067996260320996446 -0.001120580693923506
leaf_weight=1032489.5966796875 1162171.9541015625 1044060.2783203125 827143.4912109375 712897.77978515625 2326449.193359375 1451348.3662109375
leaf_count=37 48 32 39 28 74 56
internal_value=5.80259e-10 0.0100591 -0.00349473 -0.00462452 -0.00562779 -0.00461786
internal_weight=8.55656e+06 2.20623e+06 6.35033e+06 5.31784e+06 4.60494e+06 3.7778e+06
internal_count=314 80 234 197 169 130
is_linear=0
shrinkage=0.05


Tree=13
num_leaves=7
num_cat=0
split_feature=4 4 1 3 4 0
split_gain=99107.3 50179.4 27337.3 14588.9 10651.6 10844.6
threshold=1.8875126390293229 2.3833333333333337 3.5000000000000004 1.0000000180025095e-35 1.1794871794871797 9.3410000000000029
decision_type=2 2 2 2 2 2
left_child=2 -2 3 -1 -4 -6
right_child=1 -3 4 -5 5 -7
leaf_value=-0.0021703392637212483 0.019137567722020885 0.0031743809236840642 -0.0069634919091564624 0.0071110951667350281 0.0015473715684581335 -0.0057315792734086522
leaf_weight=851273.6669921875 823463.6025390625 1224118.4184570312 2766550.2880859375 842303.5048828125 992029.87939453125 1056821.2993164062
leaf_count=28 24 46 118 29 36 33
internal_value=6.62435e-10 0.0095942 -0.00301813 0.0024458 -0.00493979 -0.0022072
internal_weight=8.55656e+06 2.04758e+06 6.50898e+06 1.69358e+06 4.8154e+06 2.04885e+06
internal_count=314 70 244 57 187 69
is_linear=0
shrinkage=0.05


Tree=14
num_leaves=7
num_cat=0
split_feature=6 3 1 0 4 6
split_gain=104256 68288.6 31172 18945.4 18231.2 16340.8
threshold=30.350000000000005 1.0000000180025095e-35 2.5000000000000004 20.129500000000004 1.2792207792207795 22.050000000000004
decision_type=2 2 2 2 2 2
left_child=2 -2 -1 4 -4 -6
right_child=1 -3 3 -5 5 -7
leaf_value=0.0056367854102569318 0.002629550479781066 0.024163504174461128 -0.0074997062514169897 0.0039336509382230421 -0.0055922981182431313 0.002683966446305358
leaf_weight=999679.7138671875 848140.9755859375 650559.73046875 2982117.033203125 685671.64990234375 1248504.578125 1141886.978515625
leaf_count=31 36 21 118 25 42 41
internal_value=6.96451e-10 0.0119771 -0.00254327 -0.00389309 -0.00489198 -0.00163874
internal_weight=8.55656e+06 1.4987e+06 7.05786e+06 6.05818e+06 5.37251e+06 2.39039e+06
internal_count=314 57 257 226 201 83
is_linear=0
shrinkage=0.05


Tree=15
num_leaves=7
num_cat=0
split_feature=4 4 1 3 4 3
split_gain=84613.8 44372.8 23161.3 13133.1 8438.76 9687.92
threshold=1.8875126390293229 2.3833333333333337 3.5000000000000004 1.0000000180025095e-35 1.1794871794871797 1.0000000180025095e-35
decision_type=2 2 2 2 2 2
left_child=2 -2 3 -1 5 -4
right_child=1 -3 4 -5 -6 -7
leaf_value=-0.0021391674109783594 0.017839177031999918 0.0028279923154658493 -0.0088572108309586135 0.0066669950423359145 -0.0021252850503802071 -0.0028547633098456038
leaf_weight=851273.6669921875 823463.6025390625 1224118.4184570312 1615023.3676757812 842303.5048828125 2048851.1787109375 1151526.9204101562
leaf_count=28 24 46 64 29 69 54
internal_value=7.22336e-10 0.00886495 -0.00278872 0.00224059 -0.00455753 -0.0063588
internal_weight=8.55656e+06 2.04758e+06 6.50898e+06 1.69358e+06 4.8154e+06 2.76655e+06
internal_count=314 70 244 57 187 118
is_linear=0
shrinkage=0.05


Tree=16
num_leaves=7
num_cat=0
split_feature=6 3 1 0 6 4
split_gain=92907.7 59789.2 25987.5 16532.8 14599.2 14175.2
threshold=30.350000000000005 1.0000000180025095e-35 2.5000000000000004 20.129500000000004 17.650000000000002 1.6913515406162467
decision_type=2 2 2 2 2 2
left_child=2 -2 -1 4 -4 -6
right_child=1 -3 3 -5 5 -7
leaf_value=0.0050680289484830842 0.0025599322207456787 0.022709286765541493 -0.011511093476923917 0.0036781062200053299 -0.0051607406746731711 0.0011972840300880174
leaf_weight=999679.7138671875 848140.9755859375 650559.73046875 663340.33935546875 685671.64990234375 3544459.4506835938 1164708.7998046875
leaf_count=31 36 21 28 25 133 40
internal_value=8.01052e-10 0.0113064 -0.00240086 -0.00363333 -0.00456646 -0.00358822
internal_weight=8.55656e+06 1.4987e+06 7.05786e+06 6.05818e+06 5.37251e+06 4.70917e+06
internal_count=314 57 257 226 201 173
is_linear=0
shrinkage=0.05


Tree=17
num_leaves=7
num_cat=0
split_feature=6 3 5 2 2 6
split_gain=84252.1 58440.1 18222.3 12884.4 9766.67 14715.2
threshold=25.350000000000005 1.0000000180025095e-35 5.2500000000000009 12.500000000000002 15.500000000000002 21.150000000000002
decision_type=2 2 2 2 2 2
left_child=3 2 -2 -1 -5 -6
right_child=1 -3 -4 4 5 -7
leaf_value=0.0018074028556744363 0.00708456301896674 0.015133048021287371 -0.0042574911487138524 -0.0063231569337722053 -0.0072561185796039861 0.0016125576157595238
leaf_weight=990178.13671875 604939.9140625 1263771.2104492188 854130.15966796875 2858376.2939453125 754439.1171875 1230725.8276367188
leaf_count=34 25 46 37 106 29 37
internal_value=8.28146e-10 0.00726227 0.000445 -0.0033896 -0.00445204 -0.00175788
internal_weight=8.55656e+06 2.72284e+06 1.45907e+06 5.83372e+06 4.84354e+06 1.98516e+06
internal_count=314 108 62 206 172 66
is_linear=0
shrinkage=0.05


Tree=18
num_leaves=7
num_cat=0
split_feature=4 4 1 3 4 3
split_gain=69283.8 38503.2 19618.7 11390.9 6691.79 8202.15
threshold=1.8875126390293229 2.3833333333333337 3.5000000000000004 1.0000000180025095e-35 1.1794871794871797 1.0000000180025095e-35
decision_type=2 2 2 2 2 2
left_child=2 -2 3 -1 5 -4
right_child=1 -3 4 -5 -6 -7
leaf_value=-0.0019736711293918486 0.016381422592912264 0.0023982791672300854 -0.0080542881792518388 0.0062276051594859494 -0.0019855032239371267 -0.0025312658927433094
leaf_weight=851273.6669921875 823463.6025390625 1224118.4184570312 1615023.3676757812 842303.5048828125 2048851.1787109375 1151526.9204101562
leaf_count=28 24 46 64 29 69 54
internal_value=9.0709e-10 0.0080218 -0.00252348 0.00210525 -0.00415141 -0.00575543
internal_weight=8.55656e+06 2.04758e+06 6.50898e+06 1.69358e+06 4.8154e+06 2.76655e+06
internal_count=314 70 244 57 187 118
is_linear=0
shrinkage=0.05


Tree=19
num_leaves=7
num_cat=0
split_feature=6 3 1 0 6 4
split_gain=78065.6 48114 20378.3 14445.8 12520.5 11233.6
threshold=30.350000000000005 1.0000000180025095e-35 2.5000000000000004 20.129500000000004 17.650000000000002 1.1794871794871797
decision_type=2 2 2 2 2 2
left_child=2 -2 -1 4 -4 -6
right_child=1 -3 3 -5 5 -7
leaf_value=0.0044131588620622978 0.0025178609516215561 0.020593161521123813 -0.010595642006272292 0.0035422621480088721 -0.0056425073286785841 -0.00075696751514576165
leaf_weight=999679.7138671875 848140.9755859375 650559.73046875 663340.33935546875 685671.64990234375 2411188.7880859375 2297979.4624023438
leaf_count=31 36 21 28 25 90 83
internal_value=9.19593e-10 0.010364 -0.00220075 -0.00329213 -0.00416438 -0.00325846
internal_weight=8.55656e+06 1.4987e+06 7.05786e+06 6.05818e+06 5.37251e+06 4.70917e+06
internal_count=314 57 257 226 201 173
is_linear=0
shrinkage=0.05


Tree=20
num_leaves=7
num_cat=0
split_feature=6 4 1 0 6 4
split_gain=70454.2 44568.8 18391.4 13037.4 11299.8 10147.3
threshold=30.350000000000005 1.9034883720930234 2.5000000000000004 20.129500000000004 17.650000000000002 1.6913515406162467
decision_type=2 2 2 2 2 2
left_child=2 -2 -1 4 -4 -6
right_child=1 -3 3 -5 5 -7
leaf_value=0.0041925011898891924 0.002643939424951018 0.020168917840894106 -0.010065861045235895 0.0033651494916780711 -0.0044260133067885897 0.00095337859174801903
leaf_weight=999679.7138671875 882809.54931640625 615891.15673828125 663340.33935546875 685671.64990234375 3544459.4506835938 1164708.7998046875
leaf_count=31 33 24 28 25 133 40
internal_value=9.34603e-10 0.00984584 -0.00209071 -0.00312753 -0.00395616 -0.00309554
internal_weight=8.55656e+06 1.4987e+06 7.05786e+06 6.05818e+06 5.37251e+06 4.70917e+06
internal_count=314 57 257 226 201 173
is_linear=0
shrinkage=0.05


Tree=21
num_leaves=7
num_cat=0
split_feature=6 3 1 6 5 3
split_gain=63584.9 42874.5 16598.3 9392.5 11992.8 8095.64
threshold=30.350000000000005 1.0000000180025095e-35 2.5000000000000004 20.950000000000003 5.1500000000000012 1.0000000180025095e-35
decision_type=2 2 2 2 2 2
left_child=2 -2 -1 -4 -5 -6
right_child=1 -3 3 4 5 -7
leaf_value=0.0039828761418424802 0.001946897830437245 0.019009651538953051 -0.0050761059142146875 -0.0049755676985740929 -0.0014352076383148326 0.0050327328661386554
leaf_weight=999679.7138671875 848140.9755859375 650559.73046875 2826753.1953125 1245708.3911132812 1151271.2856445312 834447.36767578125
leaf_count=31 36 21 103 41 44 38
internal_value=1.03755e-09 0.00935355 -0.00198618 -0.00297115 -0.0011298 0.00128278
internal_weight=8.55656e+06 1.4987e+06 7.05786e+06 6.05818e+06 3.23143e+06 1.98572e+06
internal_count=314 57 257 226 123 82
is_linear=0
shrinkage=0.05


Tree=22
num_leaves=7
num_cat=0
split_feature=6 3 1 0 6 5
split_gain=57385.4 38694.2 14980 11621.1 9848.37 9177.12
threshold=30.350000000000005 1.0000000180025095e-35 2.5000000000000004 20.129500000000004 17.650000000000002 5.1500000000000012
decision_type=2 2 2 2 2 2
left_child=2 -2 -1 4 -4 -6
right_child=1 -3 3 -5 5 -7
leaf_value=0.0037837326264389469 0.001849552686076574 0.018059170387355206 -0.0093087636640188116 0.0033072861330579817 -0.0053326398820553421 -0.00087669196474464851
leaf_weight=999679.7138671875 848140.9755859375 650559.73046875 663340.33935546875 685671.64990234375 2034161.5219726562 2675006.728515625
leaf_count=31 36 21 28 25 59 114
internal_value=1.02831e-09 0.00888587 -0.00188687 -0.00282259 -0.00360493 -0.00280147
internal_weight=8.55656e+06 1.4987e+06 7.05786e+06 6.05818e+06 5.37251e+06 4.70917e+06
internal_count=314 57 257 226 201 173
is_linear=0
shrinkage=0.05


Tree=23
num_leaves=7
num_cat=0
split_feature=4 4 1 3 5 1
split_gain=49615.1 34196.6 13762 9932.9 4992.58 7856.73
threshold=1.8875126390293229 2.3833333333333337 3.5000000000000004 1.0000000180025095e-35 5.3500000000000005 7.5000000000000009
decision_type=2 2 2 2 2 2
left_child=2 -2 3 -1 -4 -6
right_child=1 -3 4 -5 5 -7
leaf_value=-0.0020676513167193133 0.014666589534678184 0.0014886256742270398 -0.0045838943638837537 0.0055908087160442431 -0.0041546011959086269 0.003179617283076139
leaf_weight=851273.6669921875 823463.6025390625 1224118.4184570312 3311463.3500976562 842303.5048828125 879607.27783203125 624330.8388671875
leaf_count=28 24 46 115 29 45 27
internal_value=1.05526e-09 0.00678833 -0.00213546 0.0017413 -0.00349892 -0.00110994
internal_weight=8.55656e+06 2.04758e+06 6.50898e+06 1.69358e+06 4.8154e+06 1.50394e+06
internal_count=314 70 244 57 187 72
is_linear=0
shrinkage=0.05


Tree=24
num_leaves=7
num_cat=0
split_feature=6 4 6 3 5 6
split_gain=51207 37413.4 13313 13098.7 9937.54 7551.12
threshold=30.350000000000005 1.9034883720930234 20.950000000000003 1.0000000180025095e-35 5.2500000000000009 24.250000000000004
decision_type=2 2 2 2 2 2
left_child=2 -2 -1 5 -5 -4
right_child=1 -3 3 4 -6 -7
leaf_value=-0.0042187434841836772 0.001795404173715251 0.0178520787731411 0.00029512324516950942 -0.00010114905008680093 0.0077168752146491429 -0.0054657952097477425
leaf_weight=3124696.478515625 882809.54931640625 615891.15673828125 1274476.8984375 863120.21484375 768260.2412109375 1027306.1206054688
leaf_count=116 33 24 39 35 30 37
internal_value=1.15343e-09 0.0083939 -0.0017824 0.000153146 0.00358057 -0.00227603
internal_weight=8.55656e+06 1.4987e+06 7.05786e+06 3.93316e+06 1.63138e+06 2.30178e+06
internal_count=314 57 257 141 65 76
is_linear=0
shrinkage=0.05


Tree=25
num_leaves=7
num_cat=0
split_feature=6 3 5 2 2 6
split_gain=46714.4 37373.2 17527.1 10882.3 8020.23 10552.6
threshold=25.350000000000005 1.0000000180025095e-35 5.2500000000000009 12.500000000000002 15.500000000000002 21.150000000000002
decision_type=2 2 2 2 2 2
left_child=3 2 -2 -1 -5 -6
right_child=1 -3 -4 4 5 -7
leaf_value=0.0022522322249733219 0.0064675571974361981 0.011701862399425668 -0.0046560146787450679 -0.0051959674498208517 -0.0057150357158474554 0.0017952423402704974
leaf_weight=990178.13671875 604939.9140625 1263771.2104492188 854130.15966796875 2858376.2939453125 754439.1171875 1230725.8276367188
leaf_count=34 25 46 37 106 29 37
internal_value=1.1609e-09 0.00540763 -4.41084e-05 -0.00252397 -0.00350038 -0.00105895
internal_weight=8.55656e+06 2.72284e+06 1.45907e+06 5.83372e+06 4.84354e+06 1.98516e+06
internal_count=314 108 62 206 172 66
is_linear=0
shrinkage=0.05


Tree=26
num_leaves=7
num_cat=0
split_feature=6 4 3 0 0 6
split_gain=43633.5 33448.1 11600.8 10455.4 11215.7 10403.8
threshold=30.350000000000005 1.9034883720930234 1.0000000180025095e-35 9.1745000000000019 7.1910000000000016 21.150000000000002
decision_type=2 2 2 2 2 2
left_child=2 -2 3 4 -1 -4
right_child=1 -3 5 -5 -6 -7
leaf_value=-0.0040050617905438481 0.001509322089031144 0.016691280730674857 -0.0021526538640367502 -0.005958881915271972 0.0041690490589452274 0.0034890313808697386
leaf_weight=1032830.7944335938 882809.54931640625 615891.15673828125 1716943.9106445312 2041893.8344726562 706846.4619140625 1559344.9521484375
leaf_count=46 33 24 64 59 26 62
internal_value=1.12228e-09 0.00774836 -0.00164532 -0.00353215 -0.000683847 0.000532498
internal_weight=8.55656e+06 1.4987e+06 7.05786e+06 3.78157e+06 1.73968e+06 3.27629e+06
internal_count=314 57 257 131 72 126
is_linear=0
shrinkage=0.05


Tree=27
num_leaves=7
num_cat=0
split_feature=6 3 3 0 4 6
split_gain=39379.3 30440 10469.7 9435.99 11075 9389.47
threshold=30.350000000000005 1.0000000180025095e-35 1.0000000180025095e-35 9.1745000000000019 1.4650406504065041 21.150000000000002
decision_type=2 2 2 2 2 2
left_child=2 -2 3 4 -1 -4
right_child=1 -3 5 -5 -6 -7
leaf_value=-0.0039320167689910947 0.001120077372414165 0.015497195466615708 -0.002045021202370496 -0.0056609380818056707 0.0041990583375156642 0.0033145798888983332
leaf_weight=1037402.3198242188 848140.9755859375 650559.73046875 1716943.9106445312 2041893.8344726562 702274.9365234375 1559344.9521484375
leaf_count=47 36 21 64 59 25 62
internal_value=1.11901e-09 0.00736094 -0.00156306 -0.00335554 -0.000649654 0.000505873
internal_weight=8.55656e+06 1.4987e+06 7.05786e+06 3.78157e+06 1.73968e+06 3.27629e+06
internal_count=314 57 257 131 72 126
is_linear=0
shrinkage=0.05


Tree=28
num_leaves=7
num_cat=0
split_feature=6 3 2 0 6 0
split_gain=36123.7 13359.1 13663.7 7362.05 9805.73 6198.89
threshold=31.300000000000001 1.0000000180025095e-35 13.500000000000002 15.948000000000002 22.950000000000003 9.1745000000000019
decision_type=2 2 2 2 2 2
left_child=1 5 -3 4 -4 -1
right_child=-2 2 3 -5 -6 -7
leaf_value=-0.0011905356057277331 0.008120635862691853 0.00594737291661648 -1.9831643715515588e-05 0.0030041154067115428 -0.007866165853254432 -0.0051969186369822916
leaf_weight=1815740.3115234375 1180525.8168945312 980667.8173828125 1111431.9506835938 785861.9814453125 620482.140625 2061850.6411132812
leaf_count=77 47 35 40 26 29 60
internal_value=1.15967e-09 -0.0012997 0.000940521 -0.00100964 -0.00283089 -0.00332087
internal_weight=8.55656e+06 7.37603e+06 3.49844e+06 2.51778e+06 1.73191e+06 3.87759e+06
internal_count=314 267 130 95 69 137
is_linear=0
shrinkage=0.05


Tree=29
num_leaves=7
num_cat=0
split_feature=4 4 1 6 4 6
split_gain=35384 29970.9 11701.6 8196.89 8461.66 17715.3
threshold=1.8875126390293229 2.3833333333333337 3.5000000000000004 18.350000000000005 1.2105496453900713 22.950000000000003
decision_type=2 2 2 2 2 2
left_child=2 -2 -1 -4 5 -5
right_child=1 -3 3 4 -6 -7
leaf_value=0.0017714102226722495 0.013108155656071901 0.00077123417976968328 -0.0068581696228270407 0.0010394718091699582 0.00085698410792588305 -0.0080776566173388006
leaf_weight=1693577.171875 823463.6025390625 1224118.4184570312 1097200.5498046875 968909.21435546875 1565511.65625 1183780.0463867188
leaf_count=57 24 46 39 44 55 49
internal_value=1.14396e-09 0.0057327 -0.00180338 -0.00306064 -0.00194002 -0.00397411
internal_weight=8.55656e+06 2.04758e+06 6.50898e+06 4.8154e+06 3.7182e+06 2.15269e+06
internal_count=314 70 244 187 148 93
is_linear=0
shrinkage=0.05


Tree=30
num_leaves=7
num_cat=0
split_feature=6 4 4 0 5 6
split_gain=32248.3 15022.3 14653.6 9217.04 9601.75 8044.74
threshold=31.300000000000001 1.8875126390293229 2.2894606630381005 6.1295000000000002 5.3500000000000005 23.650000000000002
decision_type=2 2 2 2 2 2
left_child=1 3 -3 -1 5 -5
right_child=-2 2 -4 4 -6 -7
leaf_value=-0.0069766213125601398 0.0076726831015171597 0.0085989897492490912 -0.0011302495741500021 -0.0014245230704377776 0.0014955925395412166 -0.0068115238499188869
leaf_weight=925965.52197265625 1180525.8168945312 685143.26171875 889412.8037109375 2151735.41796875 1701470.1381835938 1022307.69921875
leaf_count=48 47 17 33 67 68 34
internal_value=1.003e-09 -0.001228 0.00310328 -0.00240354 -0.00153501 -0.00315959
internal_weight=8.55656e+06 7.37603e+06 1.57456e+06 5.80148e+06 4.87551e+06 3.17404e+06
internal_count=314 267 50 217 169 101
is_linear=0
shrinkage=0.05


Tree=31
num_leaves=7
num_cat=0
split_feature=6 0 0 2 2 6
split_gain=29829.4 32842.1 23034.4 10262.7 7407.11 4592.05
threshold=25.350000000000005 13.947000000000001 7.278500000000002 12.500000000000002 13.500000000000002 22.950000000000003
decision_type=2 2 2 2 2 2
left_child=3 2 -2 -1 -5 -6
right_child=1 -3 -4 4 5 -7
leaf_value=0.0026213427378014016 0.0052044623251007631 0.012860751529435248 -0.0059819836183539242 -0.0073317045817811195 -0.0010070372497858855 -0.0047181199427477997
leaf_weight=990178.13671875 1166150.8208007812 796531.65478515625 760158.80859375 808970.17529296875 2857711.9365234375 1176859.126953125
leaf_count=34 44 31 33 34 102 36
internal_value=1.03526e-09 0.0043212 0.000790075 -0.00201688 -0.00296509 -0.00208954
internal_weight=8.55656e+06 2.72284e+06 1.92631e+06 5.83372e+06 4.84354e+06 4.03457e+06
internal_count=314 108 77 206 172 138
is_linear=0
shrinkage=0.05


Tree=32
num_leaves=7
num_cat=0
split_feature=4 6 1 3 6 4
split_gain=28311.9 26008.4 10083.2 7430.31 7367.34 7277.77
threshold=1.8875126390293229 26.550000000000004 3.5000000000000004 1.0000000180025095e-35 18.350000000000005 1.2105496453900713
decision_type=2 2 2 2 2 2
left_child=2 -2 3 -1 -4 -6
right_child=1 -3 4 -5 5 -7
leaf_value=-0.0015890985457218633 -0.00058156752916712186 0.01068971833936167 -0.0063804521666742612 0.0050346943400628001 -0.0036042386058905969 0.00087616052255271623
leaf_weight=851273.6669921875 1010377.373046875 1037204.6479492188 1097200.5498046875 842303.5048828125 2152689.2607421875 1565511.65625
leaf_count=28 37 33 39 29 93 55
internal_value=9.8259e-10 0.00512792 -0.00161313 0.00170526 -0.00278021 -0.00171781
internal_weight=8.55656e+06 2.04758e+06 6.50898e+06 1.69358e+06 4.8154e+06 3.7182e+06
internal_count=314 70 244 57 187 148
is_linear=0
shrinkage=0.05


Tree=33
num_leaves=7
num_cat=0
split_feature=6 4 4 2 2 6
split_gain=26157.4 11667.6 12210.7 6770.71 9372.01 5204.23
threshold=31.300000000000001 1.8875126390293229 2.2894606630381005 16.500000000000004 12.500000000000002 17.800000000000001
decision_type=2 2 2 2 2 2
left_child=1 3 -3 4 -1 -6
right_child=-2 2 -4 -5 5 -7
leaf_value=0.0016856898336889828 0.0069102139463506317 0.0077279093309078478 -0.0011533832113149194 0.0021304834007063816 -0.0081223797544972137 -0.0031120206363306913
leaf_weight=936103.3271484375 1180525.8168945312 685143.26171875 889412.8037109375 799506.8837890625 609701.658203125 3456166.908203125
leaf_count=32 47 17 33 29 21 135
internal_value=9.46721e-10 -0.00110597 0.00271117 -0.00214197 -0.00282487 -0.00386336
internal_weight=8.55656e+06 7.37603e+06 1.57456e+06 5.80148e+06 5.00197e+06 4.06587e+06
internal_count=314 267 50 217 188 156
is_linear=0
shrinkage=0.05


Tree=34
num_leaves=7
num_cat=0
split_feature=4 3 1 2 6 6
split_gain=23657.2 24883.6 8888.09 7283.27 6206.01 6766.69
threshold=1.8875126390293229 1.0000000180025095e-35 3.5000000000000004 14.500000000000002 18.350000000000005 23.950000000000003
decision_type=2 2 2 2 2 2
left_child=2 -2 3 -1 -4 -6
right_child=1 -3 4 -5 5 -7
leaf_value=-0.001232621338056525 -0.00063323642622911788 0.010397546151066273 -0.0058746297735909336 0.0053823920675493183 0.00033973178579665427 -0.0039465442938507187
leaf_weight=957883.8271484375 1059931.7412109375 987650.27978515625 1097200.5498046875 735693.3447265625 2039686.9462890625 1678513.970703125
leaf_count=33 43 27 39 24 77 71
internal_value=9.49688e-10 0.00468746 -0.00147457 0.00164096 -0.0025703 -0.00159523
internal_weight=8.55656e+06 2.04758e+06 6.50898e+06 1.69358e+06 4.8154e+06 3.7182e+06
internal_count=314 70 244 57 187 148
is_linear=0
shrinkage=0.05


Tree=35
num_leaves=7
num_cat=0
split_feature=4 4 1 3 0 1
split_gain=21350.6 23280.7 8021.5 6610.2 3790.06 5969.34
threshold=1.8875126390293229 2.3833333333333337 3.5000000000000004 1.0000000180025095e-35 6.1295000000000002 9.5000000000000018
decision_type=2 2 2 2 2 2
left_child=2 -2 3 -1 -4 -6
right_child=1 -3 4 -5 5 -7
leaf_value=-0.0015483296946588688 0.010953429461541929 8.0304606063064788e-05 -0.0056402621107954944 0.004699234008530828 -0.002746960564628434 0.0021882902788156974
leaf_weight=851273.6669921875 823463.6025390625 1224118.4184570312 776782.6220703125 842303.5048828125 3285465.1362304688 753153.70849609375
leaf_count=28 24 46 40 29 115 32
internal_value=9.3237e-10 0.00445309 -0.00140084 0.00155891 -0.00244179 -0.0018266
internal_weight=8.55656e+06 2.04758e+06 6.50898e+06 1.69358e+06 4.8154e+06 4.03862e+06
internal_count=314 70 244 57 187 147
is_linear=0
shrinkage=0.05


Tree=36
num_leaves=7
num_cat=0
split_feature=6 6 0 4 6 0
split_gain=23426.3 8454.43 15191.2 10850.9 9566.99 5722.08
threshold=31.300000000000001 20.950000000000003 12.429500000000003 1.3190909090909091 24.250000000000004 7.6570000000000009
decision_type=2 2 2 2 2 2
left_child=1 -1 4 -4 5 -3
right_child=-2 2 3 -5 -6 -7
leaf_value=-0.0030211525651099667 0.0065395154383105399 -0.0022032546626108594 0.00049817800387386081 0.0089686554787306999 -0.0050797713019837508 0.0039864246713959602
leaf_weight=3124696.478515625 1180525.8168945312 752890.57421875 819007.79833984375 702290.671875 1236400.1430664062 740749.1767578125
leaf_count=116 47 25 33 21 47 25
internal_value=8.91163e-10 -0.00104664 0.000404607 0.00440848 -0.00182653 0.000866428
internal_weight=8.55656e+06 7.37603e+06 4.25134e+06 1.5213e+06 2.73004e+06 1.49364e+06
internal_count=314 267 151 54 97 50
is_linear=0
shrinkage=0.05


Tree=37
num_leaves=7
num_cat=0
split_feature=6 3 2 6 0 6
split_gain=21199.2 25120.8 7635.68 7289.11 14422.4 5963.97
threshold=30.350000000000005 1.0000000180025095e-35 12.500000000000002 20.950000000000003 6.9305000000000012 23.300000000000001
decision_type=2 2 2 2 2 2
left_child=2 -2 -1 -4 -5 -6
right_child=1 -3 3 4 5 -7
leaf_value=0.0026884148611119427 -0.0002686138536196948 0.012792089165273994 -0.0038275433419192716 -0.0061818632994017171 0.0051761974242433301 -7.4879784397051516e-05
leaf_weight=1096209.6572265625 848140.9755859375 650559.73046875 2618498.984375 795491.1748046875 778800.29736328125 1768859.83984375
leaf_count=39 36 21 96 30 30 62
internal_value=9.93226e-10 0.00540081 -0.00114683 -0.00185205 -0.000304756 0.00153034
internal_weight=8.55656e+06 1.4987e+06 7.05786e+06 5.96165e+06 3.34315e+06 2.54766e+06
internal_count=314 57 257 218 122 92
is_linear=0
shrinkage=0.05


Tree=38
num_leaves=7
num_cat=0
split_feature=6 3 0 4 0 1
split_gain=19648 9905.73 10933.2 6550.5 13065.6 6059.48
threshold=31.300000000000001 1.0000000180025095e-35 17.587500000000006 0.76986128625472905 9.0015000000000001 3.5000000000000004
decision_type=2 2 2 2 2 2
left_child=1 3 5 -1 -5 -3
right_child=-2 2 -4 4 -6 -7
leaf_value=-0.0060053282500170087 0.0059889888780520492 0.0027932526767057912 0.005669867774932758 0.002592601384270532 -0.0043308042640065525 -0.0023739665158726223
leaf_weight=1080559.1240234375 1180525.8168945312 841165.29296875 914244.9921875 1175292.26171875 1621739.5668945312 1743033.6049804688
leaf_count=45 47 26 27 49 43 77
internal_value=9.13176e-10 -0.00095853 0.000970528 -0.00269897 -0.00142164 -0.000692019
internal_weight=8.55656e+06 7.37603e+06 3.49844e+06 3.87759e+06 2.79703e+06 2.5842e+06
internal_count=314 267 130 137 92 103
is_linear=0
shrinkage=0.05


Tree=39
num_leaves=7
num_cat=0
split_feature=4 3 6 4 6 6
split_gain=17858.4 21441.5 6638.76 5197.65 16296.3 4232.29
threshold=1.8875126390293229 1.0000000180025095e-35 17.800000000000001 0.97390572390572394 23.950000000000003 21.150000000000002
decision_type=2 2 2 2 2 2
left_child=2 -2 -1 4 5 -4
right_child=1 -3 3 -5 -6 -7
leaf_value=-0.0050378309652209154 -0.00086635424745134203 0.0093731112450805669 -0.0022171620932017102 0.00081138597031032175 -0.0087614458651474585 0.0025916971383686481
leaf_weight=996069.544921875 1059931.7412109375 987650.27978515625 906090.46875 2983135.5805664062 699423.69873046875 924259.345703125
leaf_count=36 43 27 37 106 34 31
internal_value=9.13867e-10 0.00407265 -0.00128117 -0.000602412 -0.00226958 0.000211135
internal_weight=8.55656e+06 2.04758e+06 6.50898e+06 5.51291e+06 2.52977e+06 1.83035e+06
internal_count=314 70 244 208 102 68
is_linear=0
shrinkage=0.05


Tree=40
num_leaves=7
num_cat=0
split_feature=6 3 0 4 0 0
split_gain=17158.7 8474.5 9872.76 5715.02 11746.8 5378.97
threshold=31.300000000000001 1.0000000180025095e-35 17.587500000000006 0.76986128625472905 9.0015000000000001 12.648500000000002
decision_type=2 2 2 2 2 2
left_child=1 3 5 -1 -5 -3
right_child=-2 2 -4 4 -6 -7
leaf_value=-0.0055938738774959319 0.0055967577452213689 0.00084819064174753442 0.005354145943563076 0.0024938034673474951 -0.0040709044259048767 -0.0040713788282677093
leaf_weight=1080559.1240234375 1180525.8168945312 1775491.2065429688 914244.9921875 1175292.26171875 1621739.5668945312 808707.69140625
leaf_count=45 47 73 27 49 43 30
internal_value=9.36707e-10 -0.000895754 0.00088851 -0.00250555 -0.00131246 -0.000691357
internal_weight=8.55656e+06 7.37603e+06 3.49844e+06 3.87759e+06 2.79703e+06 2.5842e+06
internal_count=314 267 130 137 92 103
is_linear=0
shrinkage=0.05


Tree=41
num_leaves=7
num_cat=0
split_feature=3 6 4 4 6 0
split_gain=15631.3 26163.9 6862.94 9541.36 5796.81 7796.48
threshold=1.0000000180025095e-35 30.350000000000005 1.4104278074866314 1.9556097560975612 21.150000000000002 12.429500000000003
decision_type=2 2 2 2 2 2
left_child=2 4 -1 -4 -2 -6
right_child=1 -3 3 -5 5 -7
leaf_value=-0.0038144379463457643 -0.0015025237897774979 0.011479415444568382 0.0026419819681487463 -0.0040923572064437454 -0.00043648589564316859 0.0066829066575867964
leaf_weight=2411561.591796875 1716943.9106445312 650559.73046875 1360809.1533203125 857341.3212890625 870466.2783203125 688878.673828125
leaf_count=95 64 21 36 36 32 30
internal_value=8.40522e-10 0.00232046 -0.00196817 3.90798e-05 0.000501794 0.00270868
internal_weight=8.55656e+06 3.92685e+06 4.62971e+06 2.21815e+06 3.27629e+06 1.55934e+06
internal_count=314 147 167 72 126 62
is_linear=0
shrinkage=0.05


Tree=42
num_leaves=7
num_cat=0
split_feature=4 4 6 6 4 2
split_gain=15363.6 20627.6 5767.6 4982.41 11086.3 12532.2
threshold=1.8875126390293229 2.3833333333333337 17.800000000000001 22.950000000000003 0.97390572390572394 14.500000000000002
decision_type=2 2 2 2 2 2
left_child=2 -2 -1 -4 -5 -6
right_child=1 -3 3 4 5 -7
leaf_value=-0.0046898348275808991 0.0098962345823074456 -0.00033859289084052995 0.0009363266415793591 -0.0065524315118308477 -0.0040708454793340976 0.0042327051061349973
leaf_weight=996069.544921875 823463.6025390625 1224118.4184570312 2776981.4067382812 917067.75927734375 885541.373046875 933318.5546875
leaf_count=36 24 46 105 41 30 32
internal_value=8.25629e-10 0.00377749 -0.00118831 -0.000555661 -0.00207004 0.000189987
internal_weight=8.55656e+06 2.04758e+06 6.50898e+06 5.51291e+06 2.73593e+06 1.81886e+06
internal_count=314 70 244 208 103 62
is_linear=0
shrinkage=0.05


end of trees

feature_importances:
BMI=76
Male=49
TrigHDLRatio=49
Sugar10g=32
ScreenTime=25
Age=19
HbA1c=8

parameters:
[boosting: gbdt]
[objective: regression]
[metric: l2]
[tree_learner: serial]
[device_type: cpu]
[data_sample_strategy: bagging]
[data: ]
[valid: ]
[num_iterations: 43]
[learning_rate: 0.05]
[num_leaves: 7]
[num_threads: 1]
[seed: 20260830]
[deterministic: 1]
[force_col_wise: 0]
[force_row_wise: 1]
[histogram_pool_size: -1]
[max_depth: -1]
[min_data_in_leaf: 25]
[min_sum_hessian_in_leaf: 0.001]
[bagging_fraction: 1]
[pos_bagging_fraction: 1]
[neg_bagging_fraction: 1]
[bagging_freq: 0]
[bagging_seed: 3520]
[bagging_by_query: 0]
[feature_fraction: 0.9]
[feature_fraction_bynode: 1]
[feature_fraction_seed: 25582]
[extra_trees: 0]
[extra_seed: 14767]
[early_stopping_round: 0]
[early_stopping_min_delta: 0]
[first_metric_only: 0]
[max_delta_step: 0]
[lambda_l1: 0]
[lambda_l2: 1]
[linear_lambda: 0]
[min_gain_to_split: 0]
[drop_rate: 0.1]
[max_drop: 50]
[skip_drop: 0.5]
[xgboost_dart_mode: 0]
[uniform_drop: 0]
[drop_seed: 20645]
[top_rate: 0.2]
[other_rate: 0.1]
[min_data_per_group: 100]
[max_cat_threshold: 32]
[cat_l2: 10]
[cat_smooth: 10]
[max_cat_to_onehot: 4]
[top_k: 20]
[monotone_constraints: ]
[monotone_constraints_method: basic]
[monotone_penalty: 0]
[feature_contri: ]
[forcedsplits_filename: ]
[refit_decay_rate: 0.9]
[cegb_tradeoff: 1]
[cegb_penalty_split: 0]
[cegb_penalty_feature_lazy: ]
[cegb_penalty_feature_coupled: ]
[path_smooth: 0]
[interaction_constraints: ]
[verbosity: -1]
[saved_feature_importance_type: 0]
[use_quantized_grad: 0]
[num_grad_quant_bins: 4]
[quant_train_renew_leaf: 0]
[stochastic_rounding: 1]
[linear_tree: 0]
[max_bin: 255]
[max_bin_by_feature: ]
[min_data_in_bin: 3]
[bin_construct_sample_cnt: 200000]
[data_random_seed: 4792]
[is_enable_sparse: 1]
[enable_bundle: 1]
[use_missing: 1]
[zero_as_missing: 0]
[feature_pre_filter: 1]
[pre_partition: 0]
[two_round: 0]
[header: 0]
[label_column: ]
[weight_column: ]
[group_column: ]
[ignore_column: ]
[categorical_feature: ]
[forcedbins_filename: ]
[precise_float_parser: 0]
[parser_config_file: ]
[objective_seed: 28250]
[num_class: 1]
[is_unbalance: 0]
[scale_pos_weight: 1]
[sigmoid: 1]
[boost_from_average: 1]
[reg_sqrt: 0]
[alpha: 0.9]
[fair_c: 1]
[poisson_max_delta_step: 0.7]
[tweedie_variance_power: 1.5]
[lambdarank_truncation_level: 30]
[lambdarank_norm: 1]
[label_gain: ]
[lambdarank_position_bias_regularization: 0]
[eval_at: ]
[multi_error_top_k: 1]
[auc_mu_weights: ]
[num_machines: 1]
[local_listen_port: 12400]
[time_out: 120]
[machine_list_filename: ]
[machines: ]
[gpu_platform_id: -1]
[gpu_device_id: -1]
[gpu_device_id_list: ]
[gpu_use_dp: 0]
[num_gpu: 1]

end of parameters

pandas_categorical:null
